
********************************************************************************
Aufgabe 2.3
********************************************************************************

> b3 = [0, 204, 102, 204; 204, 255, 51, 51; 204, 102, 153, 51; 153, 51, 51, 0]
b3 =

     0   204   102   204
   204   255    51    51
   204   102   153    51
   153    51    51     0

> nb3 = normalizeAuto (b3)
nb3 =

  -1.00000   0.60000  -0.20000   0.60000
   0.60000   1.00000  -0.60000  -0.60000
   0.60000  -0.20000   0.20000  -0.60000
   0.20000  -0.60000  -0.60000  -1.00000

> hb3 = h4 * nb3
hb3 =

   2.0000e-01   4.0000e-01  -6.0000e-01  -8.0000e-01
  -6.0000e-01   5.5484e-17   6.0000e-01   8.0000e-01
  -6.0000e-01   1.2000e+00  -2.0000e-01   8.0000e-01
  -1.0000e+00  -4.0000e-01  -2.0000e-01   4.0000e-01

> hb3h = hb3 * h4
hb3h =

  -4.0000e-01  -5.5511e-17   1.0000e+00  -2.0000e-01
   4.0000e-01  -4.0000e-01  -1.0000e+00  -2.0000e-01
   6.0000e-01  -1.4000e+00  -2.7756e-17  -4.0000e-01
  -6.0000e-01  -6.0000e-01  -8.0000e-01  -1.1101e-16

> hhb3h = h4 * hb3h
hhb3h =

   8.3267e-17  -1.2000e+00  -4.0000e-01  -4.0000e-01
   2.0000e-01  -2.0000e-01   1.4000e+00  -2.0000e-01
   8.3267e-17   8.0000e-01   4.0000e-01   9.7138e-17
  -1.0000e+00   6.0000e-01   6.0000e-01   2.0000e-01

> hhb3hh = hhb3h * h4
hhb3hh =

  -1.00000   0.60000  -0.20000   0.60000
   0.60000   1.00000  -0.60000  -0.60000
   0.60000  -0.20000   0.20000  -0.60000
   0.20000  -0.60000  -0.60000  -1.00000

> denormalize (hhb3hh, 255)
ans =

    0  204  102  204
  204  255   51   51
  204  102  153   51
  153   51   51    0
